\fixlen = T
|set|TIME       |LC_INIT       |
|int|double     |double        |
 0   504.9167278 -3.8175951e-04 
 0   504.9371621 -1.0069752e-04 
 0   504.9575965 -2.7429865e-04 
 0   504.9780307 -1.4576092e-04 
 0   504.9984650 -7.6400489e-04 
 0   505.0188994 -4.9033142e-03 
 0   505.0393336 -8.1394659e-03 
 0   505.0597679 -9.4949156e-03 
 0   505.0802022 -9.3538901e-03 
 0   505.1006365 -8.5409144e-03 
 0   505.1210708 -6.0930555e-03 
 0   505.1415051 -4.4142356e-04 
 0   505.1619394 -3.4857698e-04 
 0   505.1823737 -9.6147254e-05 
 0   505.2028080 -6.1705656e-04 
 0   505.2232423 -1.2443819e-04 
 0   505.2436766 -2.7938717e-04 
 0   505.2641110 1.8242815e-04  
 0   505.2845452 -1.1902591e-04 
 0   505.3049795 -1.1765133e-04 
 0   505.3254139 -2.6884805e-05 
 0   505.3458481 -2.0773019e-05 
 0   505.3662825 -3.0603955e-04 
 0   505.3867169 -8.5801024e-05 
 0   505.4071511 -1.3907191e-04 
 0   505.4275855 -3.1075996e-04 
 0   505.4480198 -3.9019244e-04 
 0   505.4684540 -3.4518584e-04 
 0   505.4888884 -3.1809695e-04 
 0   505.5093227 -2.4041256e-04 
 0   505.5297569 -4.6482401e-05 
 0   505.5501913 -4.2370692e-04 
 0   505.5706255 -2.9878120e-04 
 0   505.5910598 1.1574675e-04  
 0   505.6114941 -4.5916394e-04 
 0   505.6319284 6.9292924e-05  
 0   505.6523627 -4.2337796e-04 
 0   505.6727970 -7.4175262e-04 
 0   505.6932313 -7.8039570e-04 
 0   505.7136657 -1.2161436e-04 
 0   505.7341000 -3.2402988e-04 
 0   505.7545342 -6.8503805e-04 
 0   505.7749686 -2.6006709e-04 
 0   505.7954028 9.7926000e-05  
 0   505.8158371 -1.2510335e-04 
 0   505.8362715 -3.3455261e-04 
 0   505.8567057 -3.6703653e-04 
 0   505.8771400 -2.5898305e-04 
 0   505.8975744 -4.0804356e-04 
 0   505.9180086 -3.1231539e-04 
 0   505.9384429 -3.5641855e-04 
 0   505.9588773 -3.1348958e-04 
 0   505.9793115 -2.4177392e-04 
 0   505.9997458 -2.0879677e-04 
 0   506.0201802 -1.2462193e-04 
 0   506.0406144 -1.7405627e-04 
 0   506.0610488 5.1313353e-05  
 0   506.0814831 -3.4698061e-04 
 0   506.1019174 -3.3512167e-04 
 0   506.1223517 -1.1075049e-04 
 0   506.1427860 -1.8870125e-04 
 0   506.1632203 -1.4318568e-04 
 0   506.1836546 -2.3788938e-04 
 0   506.2040888 -2.4762703e-04 
 0   506.2245231 -7.4663236e-05 
 0   506.2449574 -2.9691544e-04 
 0   506.2653917 -1.1453803e-04 
 0   506.2858260 3.4341851e-05  
 0   506.3062604 -3.5583004e-04 
 0   506.3266946 1.3417327e-04  
 0   506.3471289 -2.9485443e-04 
 0   506.3675633 8.0969679e-05  
 0   506.3879975 -1.4405504e-04 
 0   506.4084318 -9.1993854e-05 
 0   506.4288662 -3.9782538e-04 
 0   506.4493004 -3.7414816e-04 
 0   506.4697348 -3.7942073e-04 
 0   506.4901690 -3.6971108e-04 
 0   506.5106032 1.4345761e-04  
 0   506.5310376 -5.4292170e-05 
 0   506.5514718 -3.0399085e-04 
 0   506.5719061 -2.8883904e-04 
 0   506.5923405 -6.7378031e-05 
 0   506.6127747 2.2764018e-05  
 0   506.6332090 2.6111487e-05  
 0   506.6536434 -6.9872505e-05 
 0   506.6740777 -5.7783944e-04 
 0   506.6945119 1.6922971e-04  
 0   506.7149463 3.2020116e-04  
 0   506.7353805 4.3495300e-05  
 0   506.7558147 -3.3678301e-04 
 0   506.7762491 2.4339189e-04  
 0   506.7966834 -7.7775832e-05 
 0   506.8171178 1.9712870e-04  
 0   506.8579863 -1.9953802e-04 
 0   506.8784207 2.2569289e-04  
 0   506.8988549 1.6401992e-04  
 0   506.9192891 2.8231047e-04  
 0   506.9397235 -2.1049338e-04 
 0   506.9601577 2.2586856e-04  
 0   506.9805920 1.6456927e-04  
 0   507.0010264 3.0633769e-04  
 0   507.0214606 4.2194244e-04  
 0   507.0418949 3.8136751e-04  
 0   507.0623293 -1.0164603e-05 
 0   507.0827635 9.2406539e-05  
 0   507.1031977 -1.2537405e-04 
 0   507.1236321 -1.0710886e-04 
 0   507.1440664 3.2371774e-04  
 0   507.1645007 2.8788915e-04  
 0   507.1849350 3.3864382e-04  
 0   507.2053692 5.0895568e-04  
 0   507.2258036 4.3217227e-04  
 0   507.2462378 4.6152144e-04  
 0   507.2666720 7.1605988e-05  
 0   507.2871064 2.2614999e-04  
 0   507.3075407 3.9245081e-04  
 0   507.3279749 3.3219447e-04  
 0   507.3484093 3.4835932e-04  
 0   507.3688436 1.4083153e-04  
 0   507.3892777 8.3767889e-05  
 0   507.4097121 3.6622165e-04  
 0   507.4301464 -2.1611514e-04 
 0   507.4505806 2.8335705e-04  
 0   507.4710150 -5.5897235e-05 
 0   507.4914493 3.3629482e-04  
 0   507.5118835 -7.7956065e-05 
 0   507.5323178 1.4549738e-05  
 0   507.5527521 1.8618499e-05  
 0   507.5731865 6.8019115e-05  
 0   507.5936208 -9.7478704e-05 
 0   507.6140550 -2.7603615e-05 
 0   507.6344893 1.9925986e-04  
 0   507.6549236 3.5713791e-04  
 0   507.6753578 2.2020527e-05  
 0   507.6957922 1.6266656e-04  
 0   507.7162265 2.0629207e-04  
 0   507.7366607 -1.0052148e-04 
 0   507.7570950 -9.6587928e-06 
 0   507.7775293 4.6676181e-05  
 0   507.7979635 9.3559407e-05  
 0   507.8183979 3.6506113e-04  
 0   507.8388322 -1.7460845e-04 
 0   507.8592663 -1.0651862e-04 
 0   507.8797007 1.2626719e-04  
 0   507.9001349 5.4721670e-05  
 0   507.9205693 -2.1650939e-04 
 0   507.9410036 6.8290770e-05  
 0   507.9614378 -3.3639994e-06 
 0   507.9818721 -3.1172353e-04 
 0   508.0023064 -2.4313190e-04 
 0   508.0227407 -3.9259914e-05 
 0   508.0431750 -2.6805428e-04 
 0   508.0636093 -2.3757265e-04 
 0   508.0840435 3.0649308e-04  
 0   508.1044778 5.5979166e-05  
 0   508.1249121 -1.4721343e-04 
 0   508.1453464 4.6292513e-05  
 0   508.1657807 -4.0225461e-04 
 0   508.1862149 2.9707263e-04  
 0   508.2066492 -1.1961642e-04 
 0   508.2270836 -7.5041338e-05 
 0   508.2475178 -1.4188763e-04 
 0   508.2679520 6.3280910e-05  
 0   508.2883864 7.8742203e-05  
 0   508.3088206 -1.4733247e-04 
 0   508.3292550 4.8957526e-07  
 0   508.3496892 -1.6220723e-05 
 0   508.3701234 -5.5611983e-04 
 0   508.3905578 -1.7006855e-04 
 0   508.4109921 -8.3008163e-05 
 0   508.4314264 -2.5032752e-05 
 0   508.4518606 5.6193286e-04  
 0   508.4722949 1.3081769e-04  
 0   508.4927292 -4.3136167e-04 
 0   508.5131635 -1.1922108e-04 
 0   508.5335977 -2.3704551e-03 
 0   508.5540320 -8.3075315e-03 
 0   508.5744663 -8.1846230e-03 
 0   508.5949006 -9.0178959e-03 
 0   508.6153347 -8.7091140e-03 
 0   508.6357691 -7.9266252e-03 
 0   508.6562034 -1.7668135e-03 
 0   508.6766378 1.7336696e-04  
 0   508.6970719 -1.3046119e-04 
 0   508.7175062 -1.2643506e-04 
 0   508.7379406 -1.6768294e-04 
 0   508.7583748 1.9103097e-04  
 0   508.7788090 4.8967882e-05  
 0   508.7992434 1.4535745e-04  
 0   508.8196776 2.2707664e-04  
 0   508.8401118 -9.8985336e-05 
 0   508.8605462 2.8371633e-04  
 0   508.8809804 4.2824092e-04  
 0   508.9014147 6.6953166e-05  
 0   508.9218490 1.7961484e-05  
 0   508.9422832 4.0285522e-05  
 0   508.9627175 2.9928432e-04  
 0   508.9831519 1.7725471e-04  
 0   509.0035861 9.7522670e-06  
 0   509.0240204 -7.3798765e-05 
 0   509.0444547 1.2588186e-05  
 0   509.0648889 8.2328479e-05  
 0   509.0853232 -1.9559270e-04 
 0   509.1057575 2.1560195e-04  
 0   509.1261917 8.9094901e-05  
 0   509.1466261 2.9334260e-04  
 0   509.1670603 1.0856328e-04  
 0   509.1874946 -7.4798219e-05 
 0   509.2079289 -1.5456500e-04 
 0   509.2283631 6.1796961e-04  
 0   509.2487974 1.2739208e-04  
 0   509.2692316 6.3107739e-04  
 0   509.2896659 1.3918622e-04  
 0   509.3101002 2.9958444e-04  
 0   509.3305344 6.4748892e-04  
 0   509.3509687 -1.2733808e-04 
 0   509.3714031 1.4697890e-05  
 0   509.3918373 8.8647845e-05  
 0   509.4122715 -1.0717752e-04 
 0   509.4327059 -1.7058555e-04 
 0   509.4531401 -1.7492707e-04 
 0   509.4735743 -2.0145068e-04 
 0   509.4940087 -5.5477198e-05 
 0   509.5144430 -2.4641221e-04 
 0   509.5348771 -1.5023496e-04 
 0   509.5553115 2.5526650e-04  
 0   509.5757458 1.0459661e-04  
 0   509.5961799 -1.2857736e-04 
 0   509.6166143 2.6249426e-04  
 0   509.6370486 4.1359931e-04  
 0   509.6574827 8.9384150e-05  
 0   509.6779171 1.8189954e-04  
 0   509.6983514 -4.4530836e-05 
 0   509.7187857 -1.5010136e-04 
 0   509.7392199 -1.6640364e-04 
 0   509.7596542 -6.8362868e-05 
 0   509.7800885 2.5083750e-04  
 0   509.8413913 -4.1251780e-05 
 0   509.8618255 -9.4543851e-05 
 0   509.8822597 -2.2242133e-05 
 0   509.9026941 -7.6877899e-05 
 0   509.9231283 -1.9921862e-04 
 0   509.9435625 5.4588825e-05  
 0   509.9639968 -1.3089924e-04 
 0   509.9844311 2.4812104e-04  
 0   510.0048653 -3.0003919e-04 
 0   510.0252997 -5.0749496e-04 
 0   510.0457339 -1.4047342e-04 
 0   510.0661682 -2.4996873e-04 
 0   510.0866025 1.6170212e-04  
 0   510.1070366 -2.7068690e-04 
 0   510.1274710 -3.7283433e-05 
 0   510.1479053 -3.5266389e-04 
 0   510.1683394 -6.3756961e-05 
 0   510.1887738 -1.8641181e-04 
 0   510.2092080 -4.1027444e-05 
 0   510.2296422 -2.6149795e-04 
 0   510.2500766 -2.0109671e-04 
 0   510.2705108 -4.0485509e-05 
 0   510.2909450 8.5085958e-05  
 0   510.3113794 1.4284135e-04  
 0   510.3318136 -3.9656693e-04 
 0   510.3522479 6.1910476e-05  
 0   510.3726821 -4.2151407e-04 
 0   510.3931164 1.1910704e-04  
 0   510.4135508 2.9130050e-04  
 0   510.4339849 -1.6812702e-04 
 0   510.4544192 -2.4609183e-04 
 0   510.4748535 -3.0457137e-05 
 0   510.4952878 2.4161991e-05  
 0   510.5157220 -2.9201919e-04 
 0   510.5361563 -8.3674295e-06 
 0   510.5565906 -1.8851334e-04 
 0   510.5770247 1.2514503e-04  
 0   510.5974591 -2.9578977e-04 
 0   510.6178933 5.6757588e-05  
 0   510.6587619 4.0674022e-05  
 0   510.6791960 2.2863598e-04  
 0   510.6996304 2.1999851e-05  
 0   510.7200646 -1.8297065e-05 
 0   510.7404988 -5.5881496e-06 
 0   510.7609331 2.6560529e-05  
 0   510.7813674 -1.0602642e-05 
 0   510.8018016 4.1532904e-04  
 0   510.8222359 -5.5045861e-05 
 0   510.8426702 5.7718749e-05  
 0   510.8631044 3.1588928e-04  
 0   510.8835387 -1.4988003e-04 
 0   510.9039729 5.5054745e-05  
 0   510.9244072 4.2294505e-05  
 0   510.9448414 -2.6948414e-05 
 0   510.9652757 -4.2994525e-05 
 0   510.9857100 -1.7987169e-05 
 0   511.0061442 -4.5837031e-04 
 0   511.0265785 -2.0045618e-05 
 0   511.0470128 2.2289025e-05  
 0   511.0674471 5.7597441e-05  
 0   511.0878812 -1.8864830e-05 
 0   511.1083156 5.8661110e-05  
 0   511.1287498 1.6588387e-04  
 0   511.1491840 4.7694842e-04  
 0   511.1696183 -2.6912073e-04 
 0   511.1900526 6.0661670e-05  
 0   511.2104867 -1.6271519e-04 
 0   511.2309211 2.5439492e-04  
 0   511.2513554 1.1449477e-04  
 0   511.2717895 2.4921108e-05  
 0   511.2922239 -3.5650399e-05 
 0   511.3126581 -1.4994913e-04 
 0   511.3330924 9.2016642e-05  
 0   511.3535266 3.8286980e-05  
 0   511.3739608 2.1100174e-04  
 0   511.3943951 1.1694583e-04  
 0   511.4148294 -1.3805118e-04 
 0   511.4352636 -7.0153546e-05 
 0   511.4556979 1.1638810e-05  
 0   511.4761321 -3.8289272e-05 
 0   511.4965664 -1.8558287e-04 
 0   511.5170007 1.5190984e-05  
 0   511.5374349 2.1653087e-04  
 0   511.5578691 -8.0602797e-05 
 0   511.5783035 2.1427202e-04  
 0   511.5987376 -6.0110848e-05 
 0   511.6191719 1.7142875e-04  
 0   511.6396062 -9.2741997e-05 
 0   511.6600404 2.5671488e-04  
 0   511.6804746 2.2201675e-04  
 0   511.7009090 4.6118053e-05  
 0   511.7213431 2.6537478e-04  
 0   511.7417775 -8.7885484e-05 
 0   511.7622117 1.2272509e-04  
 0   511.7826459 -2.3454170e-04 
 0   511.8030802 5.0298852e-04  
 0   511.8235145 7.9026227e-05  
 0   511.8439486 1.1912638e-04  
 0   511.8643829 2.6206538e-04  
 0   511.8848172 -9.2484828e-05 
 0   511.9052514 -7.7647179e-05 
 0   511.9256857 8.0307625e-05  
 0   511.9461199 8.3041901e-05  
 0   511.9665542 -1.2384016e-04 
 0   511.9869885 1.5465790e-05  
 0   512.0074227 5.4243068e-05  
 0   512.0278569 6.7816494e-05  
 0   512.0482912 -4.9912470e-04 
 0   512.0687254 -6.2775267e-03 
 0   512.0891598 -9.2570940e-03 
 0   512.1095939 -9.1197435e-03 
 0   512.1300281 -8.9787692e-03 
 0   512.1504625 -8.2188388e-03 
 0   512.1708966 -4.7746892e-03 
 0   512.1913309 -2.1747882e-04 
 0   512.2117652 -3.7041923e-04 
 0   512.2321994 6.6277207e-05  
 0   512.2526336 -3.4655747e-04 
 0   512.2730680 -5.7362637e-04 
 0   512.2935021 -3.2685883e-04 
 0   512.3139363 -5.6426587e-05 
 0   512.3343707 -3.0214092e-04 
 0   512.3548049 -2.0897115e-04 
 0   512.3752391 -2.2669410e-04 
 0   512.3956734 5.3892774e-05  
 0   512.4161077 -3.2398595e-05 
 0   512.4365419 -5.0837273e-04 
 0   512.4569761 -3.5581156e-04 
 0   512.4774104 -2.7988545e-04 
 0   512.4978447 -6.5676562e-05 
 0   512.5182789 -4.9150817e-04 
 0   512.5387131 -1.7221287e-04 
 0   512.5591474 -3.3648324e-04 
 0   512.5795816 3.6366873e-05  
 0   512.6000158 -8.7774293e-05 
 0   512.6204502 3.3191874e-04  
 0   512.6408843 -6.0104299e-05 
 0   512.6613185 -2.4631631e-04 
 0   512.6817529 -1.0449917e-04 
 0   512.7021870 -2.9135073e-04 
 0   512.7226213 -1.0683352e-04 
 0   512.7430555 -2.9659379e-04 
 0   512.7634897 -1.4825378e-04 
 0   512.7839241 -1.8118911e-04 
 0   512.8247925 -3.7635086e-04 
 0   512.8452268 -2.9285756e-04 
 0   512.8656609 -1.8440787e-04 
 0   512.8860952 -3.4924023e-04 
 0   512.9065295 -4.8052648e-04 
 0   512.9269638 -2.1891840e-04 
 0   512.9473979 -3.2546278e-04 
 0   512.9678322 -7.0801652e-05 
 0   512.9882665 -1.2288701e-04 
 0   513.0087006 -2.7509339e-04 
 0   513.0291349 -8.7416745e-05 
 0   513.0495692 -2.5851157e-04 
 0   513.0700033 -3.8855363e-04 
 0   513.0904376 -5.2779185e-04 
 0   513.1108719 -2.3977613e-04 
 0   513.1313062 -5.6049373e-04 
 0   513.1517404 -4.2019348e-04 
 0   513.1721746 -2.3488897e-04 
 0   513.1926089 -3.7360223e-04 
 0   513.2130431 -4.4243224e-04 
 0   513.2334773 -4.7971644e-05 
 0   513.2539116 -2.0863519e-04 
 0   513.2743458 1.9824333e-04  
 0   513.2947800 -4.5368040e-04 
 0   513.3152143 -2.3310899e-04 
 0   513.3356486 -3.0414833e-05 
 0   513.3560827 2.8155648e-04  
 0   513.3765169 -4.8073402e-05 
 0   513.3969513 6.4860178e-05  
 0   513.4173854 3.7217091e-04  
 0   513.4378197 2.6079622e-04  
 0   513.4582539 -2.8871148e-04 
 0   513.4786882 1.4830433e-04  
 0   513.4991224 6.1991246e-05  
 0   513.5195566 1.6946584e-04  
 0   513.5399909 7.3570423e-05  
 0   513.5604251 -1.8008488e-04 
 0   513.5808593 5.2744558e-06  
 0   513.6012936 1.7651544e-04  
 0   513.6217278 -9.7578661e-05 
 0   513.6421620 -1.3365419e-04 
 0   513.6625963 9.8202188e-05  
 0   513.6830305 2.2620431e-04  
 0   513.7034646 2.8129720e-05  
 0   513.7238990 3.4420122e-04  
 0   513.7443332 1.6806225e-05  
 0   513.7647674 -2.1033893e-05 
 0   513.7852017 9.6518364e-05  
 0   513.8056359 6.1587349e-04  
 0   513.8260702 -5.9992435e-05 
 0   513.8465044 -1.2170352e-04 
 0   513.8669386 6.2482810e-04  
 0   513.8873729 2.1898565e-04  
 0   513.9078071 3.4190528e-04  
 0   513.9282413 -7.8927413e-05 
 0   513.9486756 1.1953106e-04  
 0   513.9691098 5.5384531e-04  
 0   513.9895440 5.1983242e-04  
